11111111111111111111111111111111111111111111
10000000010000000100001000141000000000000001
10110111000111110001100010100011101011101101
10010000111000000110001110111100100100001011
11001110100011111000110001000010010001101001
10010000100100000011000111111001001100010101
11001011001011111100011000000100100010110011
10010010010011000101000011110010101010001001
10100101021000011000111010001100101001100101
10101200110011100010010000100010100100010101
10100110000100001001001101011010110001010001
10010001111001010100100100000010001101001011
11001100000010000101110001111100100010101001
10000011101110101001000100000001001010100101
10111000100010100110010111110100010010001401
10100010111011010000100100010011100111110111
10010100100100011101000001000100010000000001
11010111001101100011111111111001011111110101
10010001000000001000000000000010000000000101
10111111111111111111111111111111111111111101
10000000000000000000000000000000000000000001
11111111111111111111111111111111111111111111
